import numpy as np
import csv
import matplotlib.pyplot as plt
import brewer2mpl

PI2=[{'logloss': 0.539, 'auc': 0.8041, 'acc': 0.7558, 'f1': 0.7529, 'spec': 0.7149, 'cm': np.array([[0.834, 0.166],[0.363, 0.637]])},
     {'logloss': 0.5544, 'auc': 0.7876, 'acc': 0.7365, 'f1': 0.734, 'spec': 0.6966, 'cm': np.array([[0.813, 0.187],[0.38 , 0.62 ]])},
     {'logloss': 0.5569, 'auc': 0.7848, 'acc': 0.7393, 'f1': 0.737, 'spec': 0.7011, 'cm': np.array([[0.812, 0.188],[0.372, 0.628]])},
     {'logloss': 0.5548, 'auc': 0.7876, 'acc': 0.736, 'f1': 0.735, 'spec': 0.7057, 'cm': np.array([[0.794, 0.206],[0.352, 0.648]])},
     {'logloss': 0.587, 'auc': 0.7448, 'acc': 0.705, 'f1': 0.7034, 'spec': 0.6687, 'cm': np.array([[0.774, 0.226],[0.401, 0.599]])}
     ]

EL2=[{'logloss': 0.4817, 'auc': 0.8105, 'acc': 0.7726, 'f1': 0.8092, 'spec': 0.7219, 'cm': np.array([[0.78 , 0.22 ],[0.285, 0.715]])},
    {'logloss': 0.5023, 'auc': 0.8014, 'acc': 0.7661, 'f1': 0.804, 'spec': 0.7066, 'cm': np.array([[0.775, 0.225], [0.302, 0.698]])},
    {'logloss': 0.5078, 'auc': 0.8072, 'acc': 0.7696, 'f1': 0.8069, 'spec': 0.7174, 'cm': np.array([[0.777, 0.223], [0.29 , 0.71 ]])},
    {'logloss': 0.5326, 'auc': 0.7838, 'acc': 0.7391, 'f1': 0.7839, 'spec': 0.7094, 'cm': np.array([[0.743, 0.257], [0.295, 0.705]])},
    {'logloss': 0.5658, 'auc': 0.7716, 'acc': 0.7517, 'f1': 0.7929, 'spec': 0.6883, 'cm': np.array([[0.761, 0.239], [0.321, 0.679]])}
     ]

FI2=[{'logloss': 0.6029, 'auc': 0.7391, 'acc': 0.669, 'f1': 0.6678, 'spec': 0.6747, 'cm': np.array([[0.742, 0.258],[0.398, 0.602]])},
     {'logloss': 0.6034, 'auc': 0.7377, 'acc': 0.6704, 'f1': 0.6688, 'spec': 0.677, 'cm': np.array([[0.754, 0.246],[0.407, 0.593]])},
     {'logloss': 0.6054, 'auc': 0.7309, 'acc': 0.6683, 'f1': 0.6671, 'spec': 0.674, 'cm': np.array([[0.74 , 0.26 ],[0.398, 0.602]])},
     {'logloss': 0.6078, 'auc': 0.7269, 'acc': 0.6645, 'f1': 0.6627, 'spec': 0.6714, 'cm': np.array([[0.752, 0.248],[0.416, 0.584]])},
     {'logloss': 0.619, 'auc': 0.7107, 'acc': 0.663, 'f1': 0.6624, 'spec': 0.6673, 'cm': np.array([[0.717, 0.283],[0.387, 0.613]])}
]

FC2=[
{'logloss': 0.5937, 'auc': 0.8075, 'acc': 0.7026, 'f1': 0.7081, 'spec': 0.7782, 'cm': np.array([[0.612, 0.388],[0.132, 0.868]])},
{'logloss': 0.6073, 'auc': 0.7872, 'acc': 0.6739, 'f1': 0.6741, 'spec': 0.8018, 'cm': np.array([[0.521, 0.479],[0.046, 0.954]])},
{'logloss': 0.6081, 'auc': 0.7757, 'acc': 0.6516, 'f1': 0.6494, 'spec': 0.7895, 'cm': np.array([[0.487, 0.513],[0.046, 0.954]])},
{'logloss': 0.6407, 'auc': 0.6638, 'acc': 0.6076, 'f1': 0.6158, 'spec': 0.602, 'cm': np.array([[0.614, 0.386],[0.405, 0.595]])},
{'logloss': 0.6803, 'auc': 0.5838, 'acc': 0.5685, 'f1': 0.5767, 'spec': 0.5425, 'cm': np.array([[0.6  , 0.4  ],[0.488, 0.512]])}
]

PI3=[{'logloss': 0.9045, 'auc': '', 'acc': 0.5509, 'f1': 0.5254, 'spec': 0.7643, 'cm': np.array([[0.838, 0.12 , 0.042],[0.432, 0.304, 0.264],[0.259, 0.212, 0.529]])},
     {'logloss': 0.9103, 'auc': '', 'acc': 0.5699, 'f1': 0.5444, 'spec': 0.7782, 'cm': np.array([[0.858, 0.097, 0.045],[0.417, 0.315, 0.268],[0.27 , 0.17 , 0.56 ]])},
     {'logloss': 0.9195, 'auc': '', 'acc': 0.5495, 'f1': 0.5307, 'spec': 0.7598, 'cm': np.array([[0.81 , 0.149, 0.041],[0.403, 0.343, 0.254],[0.247, 0.256, 0.496]])},
     {'logloss': 0.9184, 'auc': '', 'acc': 0.5521, 'f1': 0.5272, 'spec': 0.7767, 'cm': np.array([[0.814, 0.115, 0.071],[0.387, 0.291, 0.322],[0.237, 0.165, 0.598]])},
     {'logloss': 0.9473, 'auc': '', 'acc': 0.5177, 'f1': 0.4869, 'spec': 0.7605, 'cm': np.array([[0.79 , 0.117, 0.094],[0.429, 0.24 , 0.332],[0.269, 0.152, 0.579]])}
]

FI3=[{'logloss': 0.9661, 'auc': '', 'acc': 0.5392, 'f1': 0.5197, 'spec': 0.7248, 'cm': np.array([[0.731, 0.152, 0.117],[0.467, 0.242, 0.292],[0.263, 0.175, 0.562]])},
     {'logloss': 0.9777, 'auc': '', 'acc': 0.5294, 'f1': 0.5182, 'spec': 0.7277, 'cm': np.array([[0.689, 0.191, 0.12 ],[0.426, 0.277, 0.297],[0.25 , 0.194, 0.556]])},
     {'logloss': 0.9789, 'auc': '', 'acc': 0.5271, 'f1': 0.5101, 'spec': 0.7303, 'cm': np.array([[0.697, 0.156, 0.147],[0.436, 0.234, 0.33 ],[0.257, 0.147, 0.596]])},
     {'logloss': 0.9755, 'auc': '', 'acc': 0.5353, 'f1': 0.5214, 'spec': 0.7181, 'cm': np.array([[0.714, 0.184, 0.101],[0.463, 0.28 , 0.257],[0.274, 0.206, 0.52 ]])},
     {'logloss': 0.9963, 'auc': '', 'acc': 0.5156, 'f1': 0.5012, 'spec': 0.7326, 'cm': np.array([[0.676, 0.15 , 0.174],[0.42 , 0.232, 0.348],[0.245, 0.162, 0.593]])}]

FC3=[
{'logloss': 0.9895, 'auc': '', 'acc': 0.503, 'f1': 0.5142, 'spec': 0.779, 'cm': np.array([[0.66 , 0.226, 0.114],
       [0.425, 0.346, 0.229],
       [0.317, 0.191, 0.492]])},
{'logloss': 0.9971, 'auc': '', 'acc': 0.489, 'f1': 0.5011, 'spec': 0.7833, 'cm': np.array([[0.66 , 0.249, 0.091],
       [0.416, 0.375, 0.209],
       [0.333, 0.214, 0.453]])},
{'logloss': 1.0027, 'auc': '', 'acc': 0.4804, 'f1': 0.4942, 'spec': 0.763, 'cm': np.array([[0.57 , 0.288, 0.141],
       [0.349, 0.397, 0.254],
       [0.325, 0.204, 0.471]])},
{'logloss': 1.0267, 'auc': '', 'acc': 0.4301, 'f1': 0.4378, 'spec': 0.7653, 'cm': np.array([[0.636, 0.257, 0.107],
       [0.433, 0.375, 0.192],
       [0.359, 0.288, 0.353]])},
{'logloss': 1.0642, 'auc': '', 'acc': 0.416, 'f1': 0.4183, 'spec': 0.7263, 'cm': np.array([[0.638, 0.167, 0.195],
       [0.443, 0.285, 0.272],
       [0.408, 0.229, 0.363]])}
]

OT3=[
{'logloss': 0.8949, 'auc': '', 'acc': 0.6046, 'f1': 0.6426, 'spec': 0.7512, 'cm':  np.array([[0.652, 0.14 , 0.208],
       [0.306, 0.424, 0.27 ],
       [0.229, 0.243, 0.528]])},
{'logloss': 0.9237, 'auc': '', 'acc': 0.5899, 'f1': 0.6337, 'spec': 0.7768, 'cm':  np.array([[0.628, 0.143, 0.229],
       [0.243, 0.456, 0.3  ],
       [0.22 , 0.263, 0.517]])},
{'logloss': 0.9313, 'auc': '', 'acc': 0.5626, 'f1': 0.609, 'spec': 0.7634, 'cm':  np.array([[0.602, 0.175, 0.223],
       [0.304, 0.41 , 0.286],
       [0.171, 0.326, 0.504]])},
{'logloss': 0.9452, 'auc': '', 'acc': 0.5617, 'f1': 0.6065, 'spec': 0.758, 'cm':  np.array([[0.591, 0.182, 0.228],
       [0.291, 0.45 , 0.259],
       [0.205, 0.278, 0.517]])},
{'logloss': 0.9843, 'auc': '', 'acc': 0.5251, 'f1': 0.5768, 'spec': 0.7579, 'cm':  np.array([[0.568, 0.148, 0.284],
       [0.281, 0.276, 0.443],
       [0.206, 0.229, 0.565]])}]



sort = [PI2,FI2,EL2,FC2,PI3,FI3,FC3,OT3]#FC2,
name = ['PI-2','FI-2','EL-2','FC-2','PI-3','FI-3','FC-3','OT-3']#'FC-2'
bmap = brewer2mpl.get_map('Set2', 'qualitative', 3)
colors = bmap.mpl_colors
for j in range(len(sort)):

    (line, n) = (sort[j],name[j])
    x = ['vill', 'town', 'cnty', 'pref', 'prov']
    y = []
    for m in [0, 1, 2, 3, 4]:
        y.append(line[m]['logloss'])
    l = plt.plot(x, y, label=n)
plt.legend()
plt.show()